(-10.7956,-4.2292) 57.9722 -11.0729
(6.71144,-10.2307) 73.4139 -2.97063
(-34.6017,19.4336) 198.428 7.88958
(-25.5454,34.5925) 129.007 6.62062
(-48.3095,-35.5481) 119.958 -5.01443
(-11.5518,-18.8295) 44.1811 -4.24216
(12.0796,-31.8985) 102.327 -3.62639
(-8.5831,-27.1141) 113.761 -5.63211
(-4.86931,-13.3524) 71.063 -9.60242
(-5.05882,-11.4018) 37.421 -3.97678
(2.47865,13.6081) 41.496 4.17188
(5.79135,-29.6388) 90.598 -2.75566
(4.08681,4.47724) 18.186 2.49287
(41.6566,72.91) 167.942 2.10343
(-9.07947,-47.485) 96.6905 -3.51945
(-45.188,-8.28884) 91.8839 -5.92036
(-32.2024,-27.8076) 170.188 -7.28789
(2.27408,24.3903) 73.4883 2.95566
(-51.4964,-28.4605) 176.513 -5.2734
(3.14863,-5.91986) 20.1154 -2.16395
(-12.4442,28.5219) 93.3553 3.96441
(24.5257,-54.4413) 119.421 -2.29506
(16.8415,-22.7116) 56.5492 -1.86547
(1.08754,-16.2023) 32.4776 -3.00755
(0.207816,46.8036) 140.412 3.13271
(-13.0337,59.9427) 245.373 5.3547
(-25.3846,-0.623214) 76.1768 -9.35114
(-7.4453,-2.09894) 23.2065 -8.60043
(-40.5307,33.9826) 211.568 7.33155
(46.1288,-1.63072) 138.473 -0.10601
(-29.1626,-15.7047) 99.3672 -7.94281
(-45.4148,26.51) 157.758 7.83967
(24.739,-15.4485) 116.665 -1.67464
(-7.08239,25.2705) 78.7326 5.53215
(-42.053,-12.2804) 131.428 -8.57241
(-5.22712,31.1644) 94.7992 5.21093
(-1.13565,-30.2499) 90.8136 -4.82496
(46.6972,48.6283) 202.257 1.61131
(45.0549,46.3716) 129.31 1.5996
(4.0967,18.2361) 37.3812 2.69963
(38.0703,-42.0169) 113.398 -1.66927
(18.4907,33.937) 115.942 3.21574
(-41.1825,6.19742) 83.2924 8.97668
(-0.472736,-3.32722) 10.0819 -5.1358
(7.51801,24.6555) 77.3288 2.54966
(33.415,62.7565) 142.196 2.16305
(27.3536,56.0023) 124.651 2.23288
(4.52128,-12.4063) 39.6134 -3.66396
(-19.0123,17.8638) 104.352 7.16199
(0.230357,-28.411) 85.2358 -4.68807
(8.95917,-42.4555) 130.172 -4.08847
(-14.5543,-37.066) 159.284 -3.88992
(4.68444,21.1436) 86.6252 2.70553
(-5.37837,-6.42442) 16.7571 -6.80339
(-62.6922,-18.6685) 261.651 -11.4087
(-61.5522,19.426) 258.179 11.3435
(-98.6823,45.4942) 434.657 8.12884
(25.7738,35.5784) 175.732 2.8316
(-21.9143,-22.2418) 93.6717 -7.04633
(59.6951,15.9682) 185.382 0.784131
(-7.06098,-8.40592) 32.9341 -6.80837
(37.7956,44.8558) 175.969 2.61184
(3.75877,-2.1878) 13.0474 -1.58136
(61.3278,19.5639) 193.118 0.9264
(-20.8606,-20.3355) 116.53 -9.47576
(-50.0788,9.27575) 203.722 11.8338
(9.06977,40.1757) 164.747 5.39506
(-28.9459,4.93052) 117.451 11.8915
(7.25714,2.93317) 31.3099 1.53641
(-47.2562,3.1838) 189.453 12.2973
(-41.7631,23.7504) 192.177 13.1226
(45.7223,-68.942) 330.903 -3.94079
(-66.0927,38.5527) 382.575 13.0677
(28.395,40.3148) 246.554 4.78584
(31.0117,-23.647) 194.994 -3.25732
(-30.6618,-32.4389) 223.183 -11.6402
(16.3505,-6.6951) 88.3406 -1.94324
(-91.7008,13.6228) 463.536 11.9765
(1.62364,19.2106) 96.3953 7.43239
(22.981,2.6858) 92.5495 0.465371
(67.9922,-28.8852) 295.494 -2.00864
(-54.7022,29.3659) 248.344 13.2446
(-15.8455,-51.7937) 216.653 -7.47076
(-28.9281,83.2721) 352.615 7.62059
(35.989,5.90545) 145.881 0.650564
(-12.6387,-30.6833) 132.738 -7.84611
(45.4433,-43.6117) 314.923 -3.82417
(-25.6179,42.3746) 247.583 10.5728
(-4.44263,-18.8834) 77.5958 -7.20744
(-9.03508,-19.3983) 85.5969 -10.0334
(10.5571,-9.06208) 69.5655 -2.83737
(-13.9121,-39.2422) 124.906 -5.73447
(72.785,-40.2419) 249.507 -1.51517
(18.8549,5.27387) 58.7357 0.818215
(-46.8804,-56.2181) 219.6 -6.79761
(-65.7047,-22.9902) 278.443 -11.22
(-23.2285,-29.5548) 150.362 -8.94763
(-50.1283,6.31514) 202.098 12.0651
(51.1548,-49.5247) 284.802 -3.07683
(-44.252,-65.2747) 315.443 -10.8328
