(-0.138966,-0.0937631) 0.16764 -2.54804
(0.283676,-0.245994) 0.37548 -0.714376
(-0.856435,0.622253) 1.05862 2.51326
(-0.361884,0.997645) 1.06125 1.91877
(-1.25324,-0.891229) 1.53782 -2.52343
(-0.0634548,-0.358306) 0.363881 -1.74608
(0.520276,-0.650654) 0.833089 -0.896288
(0.154341,-0.608238) 0.627515 -1.32229
(-0.141966,0.010959) 0.142388 3.06455
(-0.183963,-0.384459) 0.426205 -2.0171
(0.159561,0.386792) 0.418411 1.17954
(0.221312,-0.911268) 0.937757 -1.33255
(0.308969,0.0748292) 0.317902 0.237614
(0.915777,1.66731) 1.90226 1.06853
(-0.308026,-0.811616) 0.868101 -1.93353
(-0.891127,-0.360108) 0.961138 -2.75755
(-0.510466,-0.367542) 0.629018 -2.51756
(0.225476,0.631104) 0.670173 1.22766
(-1.33523,-0.673873) 1.49565 -2.6742
(0.211809,-0.197844) 0.289837 -0.751321
(-0.0416058,0.587463) 0.588935 1.6415
(0.743169,-1.33681) 1.5295 -1.06342
(0.189644,-0.516172) 0.549908 -1.2187
(-0.104992,-0.425216) 0.437986 -1.81287
(-0.166666,0.980995) 0.995052 1.73908
(-0.216689,1.11417) 1.13504 1.76288
(-0.620434,-0.0482153) 0.622305 -3.06404
(-0.290113,-0.368924) 0.46933 -2.23717
(-0.661487,1.06353) 1.25246 2.12722
(1.26614,-0.140037) 1.27386 -0.110154
(-0.724606,-0.188951) 0.748837 -2.88651
(-1.10999,0.556437) 1.24165 2.67691
(0.577502,-0.596922) 0.830556 -0.801933
(-0.163725,0.671182) 0.690862 1.81006
(-0.868531,-0.328971) 0.928746 -2.77952
(-0.0276197,0.544973) 0.545672 1.62143
(0.214565,-0.380261) 0.436619 -1.05707
(0.775184,0.830805) 1.13629 0.820018
(0.65717,0.697746) 0.9585 0.815336
(-0.0554883,0.290639) 0.295888 1.75944
(0.890765,-0.741508) 1.15901 -0.694211
(0.20762,0.613022) 0.647227 1.24424
(-0.784386,-0.0388543) 0.785348 -3.0921
(0.04634,-0.133231) 0.14106 -1.23607
(-0.0287049,0.685172) 0.685773 1.61267
(0.756661,1.05134) 1.29532 0.946962
(0.712283,1.09876) 1.30943 0.995644
(0.0320337,-0.262074) 0.264024 -1.44917
(-0.355777,0.0576769) 0.360422 2.98088
(-0.0565514,-0.5471) 0.550015 -1.6738
(0.0282231,-0.907612) 0.908051 -1.53971
(-0.419451,-0.641567) 0.766516 -2.14983
(0.125638,0.183807) 0.222643 0.971208
(-0.132321,-0.298355) 0.326381 -1.98823
(-0.992377,-0.20874) 1.01409 -2.93427
(-0.926058,0.347327) 0.98905 2.78277
(-1.33643,0.693412) 1.50562 2.66298
(0.475003,0.364509) 0.598744 0.654533
(-0.33303,-0.320129) 0.461943 -2.37594
(0.806568,0.0421747) 0.80767 0.0522415
(-0.209048,-0.221331) 0.304448 -2.32766
(0.70773,0.64508) 0.957607 0.73912
(0.0388728,-0.083852) 0.0924243 -1.1367
(0.845536,0.186045) 0.865762 0.216581
(-0.284206,-0.232263) 0.367041 -2.45643
(-0.712988,0.0690713) 0.716326 3.04502
(0.17315,0.595239) 0.619911 1.28772
(-0.415382,0.0794154) 0.422905 2.95269
(0.167213,0.0299358) 0.169871 0.177151
(-0.730828,0.0352411) 0.731677 3.09341
(-0.560927,0.435071) 0.709877 2.48189
(0.699865,-0.863346) 1.11139 -0.8896
(-0.82625,0.632248) 1.0404 2.48843
(0.3579,0.574563) 0.676916 1.0137
(0.426109,-0.406684) 0.589034 -0.762077
(-0.452279,-0.464847) 0.648567 -2.34249
(0.30111,0.00891777) 0.301242 0.0296077
(-1.23913,0.163097) 1.24982 3.01072
(0.0744639,0.325396) 0.333807 1.34583
(0.348232,0.0658188) 0.354398 0.186805
(1.07232,-0.450271) 1.16302 -0.397545
(-0.842532,0.311328) 0.898213 2.78764
(-0.152447,-0.872604) 0.88582 -1.74375
(-0.474926,1.1181) 1.21479 1.97246
(0.582379,0.0451527) 0.584127 0.0773766
(-0.267991,-0.425398) 0.502775 -2.13297
(0.670335,-0.548927) 0.866412 -0.68615
(-0.19871,0.648689) 0.678442 1.86805
(-0.160477,-0.189183) 0.248079 -2.27428
(-0.0915374,-0.305797) 0.319203 -1.86165
(0.161969,-0.102832) 0.191855 -0.565675
(-0.222852,-0.621064) 0.659836 -1.91531
(1.03319,-0.512449) 1.15329 -0.460434
(0.266808,0.116055) 0.290956 0.41029
(-0.602851,-0.77901) 0.985031 -2.2294
(-0.859828,-0.296313) 0.909453 -2.80972
(-0.273669,-0.391456) 0.477632 -2.18092
(-0.635739,0.0873322) 0.641709 3.00508
(0.648951,-0.640378) 0.911713 -0.778749
(-0.609934,-0.960282) 1.13761 -2.13667
